-3.116124631259390432e-01
-1.221905356398633458e-01
-4.786177283782731551e-01
5.837616459050934958e-01
-2.850595938119320771e-01
-2.962019038804319382e-01
-4.233979136684429823e-01
-3.626777537026520393e-01
-2.044818780237629141e-01
-4.129292949095460519e-01
-3.603076437340252958e-01
3.421657491990828803e-01
-5.580599929873810705e-01
-3.872786901867520948e-01
-5.343154472258260235e-01
-3.658018042267509595e-01
-4.926507137622546106e-01
-3.189241016785699379e-01
-4.391724346504547460e-01
4.199035022120545801e-01
-2.717871039313326520e-01
-1.350584001889480190e-01
8.693393785219767633e-02
-3.270531629003244345e-01
-4.479669563853808656e-01
-6.223847565086225719e-01
-4.534918938891036588e-01
-3.315283239626269918e-01
-6.544705972796152627e-02
3.808908094422940732e-02
-3.164140602981273531e-01
-3.110964623242948313e-01
4.609520565779520740e-01
-2.336136937772780864e-01
-5.356642706904023443e-01
-1.421372447981679721e-01
-2.514106798808423554e-02
3.889360183781477298e-01
-4.679259171872113821e-01
-4.994265497474021376e-01
-2.232376460494814308e-01
4.225003532310241394e-01
-3.559813576127854873e-01
-4.832228896993824296e-01
5.220045706988610951e-02
-2.727901311041132093e-01
-2.420090776750990491e-01
-5.511780172640192710e-01
-3.861731644722099510e-01
-4.129957389492601438e-02
-2.865477720946396634e-01
-5.320319191219574639e-01
8.187127558638897240e-02
-3.786385916402265073e-01
-2.884905640248778824e-01
-3.721641042790856391e-01
-2.872064748341404128e-01
-3.538477233544764511e-01
2.358131499572994061e-01
-7.233710761464759442e-02
1.315760868525033857e-02
-4.256927081701718518e-01
-3.783429149559076055e-01
-5.050948423499189710e-01
-2.893380787342030303e-01
-4.162306137153401475e-01
-4.600346057544945633e-01
-3.286175274241178723e-01
-2.333429842754777828e-01
-1.481609778306912373e-01
-4.796501642741373694e-01
-3.036638330638791183e-01
-4.211981957541077182e-01
-5.225032676904687312e-01
-3.727574903686670660e-01
2.942244147687300693e-01
-3.196849809414813448e-01
7.991550645443652734e-02
-1.529540904825594516e-01
-4.140798589239417238e-01
-3.179372301970762593e-01
3.504622156623794504e-01
-3.126219359361148697e-01
-4.309735238357179088e-01
3.333639416552883206e-01
-3.448173562877250853e-01
4.372869516030927772e-01
-4.173483479829740439e-01
-5.330183373424156323e-02
-3.911695298620392891e-01
-4.498023893552911545e-01
-4.720415588064435508e-01
-4.720768887033119920e-01
-4.952173438280431106e-01
-3.913282756145799457e-01
-3.682863529899789712e-01
4.345602795290322562e-01
-3.829066137843990525e-01
7.612366741564279005e-02
2.205881764805991962e-01
-5.243279348934154482e-01
-5.961880870814433298e-01
6.288338978125900258e-01
-2.410493817622793786e-02
5.825255521768767375e-01
-3.724522903207053148e-01
-7.599154305180302882e-02
1.594534681391722442e-02
-4.791998960805371466e-01
-2.624918070274205872e-01
-4.818724695064429131e-01
4.148744151197663044e-01
-4.084018992659600028e-02
3.696362340467922447e-01
-3.948669331406154948e-01
-5.069141576091954482e-01
-4.403670587606729470e-01
-1.985049527046386930e-01
-3.858499650092195310e-01
-4.651927745107726775e-01
-3.699574724125498926e-01
-3.846735767130341488e-01
5.664555978306854422e-01
4.601112376983780283e-01
-2.146662587644734277e-01
-4.730136026298260021e-01
-3.422437058467537874e-01
-2.963076676750334149e-01
-2.761655589481092909e-01
-3.006760994872948456e-01
-1.876065205169456518e-01
-4.174445741370398921e-01
-2.840605789393926273e-01
-4.340738832018655180e-01
-4.036674438859888525e-01
-5.132376887688454570e-01
-5.962511618944643134e-03
-4.976789299213205120e-01
-1.795683492058015862e-01
-4.125533265433073971e-01
9.710393654215680737e-02
4.852292387607046870e-02
-4.100954571002970450e-01
-4.502481151823173877e-01
1.766499592901674964e-01
-2.719801867199909684e-01
-1.166447187541255065e-01
5.971333470927638748e-02
-1.485072062002907034e-01
-2.381961740104776570e-01
-4.660050176319567306e-01
-4.207441163510514115e-01
-3.761506807141482001e-01
-1.620683371376725468e-01
-3.227882812417154912e-01
-4.773945528363356949e-01
-3.052474009669909338e-01
-1.780178983048686936e-01
-4.293372776256676460e-01
-3.454284488092098648e-01
-2.710641509164470886e-01
-4.173992757595156311e-01
-3.377630306609738509e-01
-4.135366089237493825e-01
-3.269551191705911131e-01
1.329400713638115850e-01
-3.124275180808676056e-01
-5.283118801178560142e-01
-1.308725090496592157e-02
-3.237519722525622479e-01
-4.500985833095633853e-02
-4.011974814987206983e-01
-3.524387102781868508e-01
-3.966813772469268695e-01
-3.356788261513923288e-01
-4.222780734885605014e-01
5.021499591768012749e-01
-2.419788359829077862e-01
-2.375864060360942942e-01
-3.059546030101443770e-01
-3.625867024312410813e-01
-3.620810887182179250e-01
-5.269421232466245941e-01
3.456160417249206085e-01
-3.915601192272010200e-01
-5.174651183609609850e-01
-4.725899225836393547e-01
-3.615440897735541781e-01
-5.879957185794416619e-01
-4.397715917695881327e-01
4.403678995609270896e-01
-1.061384803074695397e-02
-2.369671281918916128e-01
2.582495897288894504e-01
-5.154524407992910895e-01
-4.585946622255704930e-01
-4.134339644264665714e-01
-3.124133691807229329e-01
3.082896448984082660e-01
4.653368138804659347e-03
-2.775735228987395997e-01
-4.655058651441927320e-01
-3.327029012258702068e-01
-4.696679703586489896e-01
1.228741950926046100e-02
-5.302607522240377902e-01
-1.642390142237915573e-01
-3.793166070290115988e-01
4.323757004031570372e-01
-3.952991156441952314e-01
-3.937063041043948330e-01
-4.387016179726364040e-01
-5.403184118973232142e-01
-4.566722994733916213e-02
-3.856855976411405762e-01
-4.745396597905020553e-01
4.534017502412990286e-01
-4.021775109948238502e-01
-4.444713920428881027e-01
-4.274204024237293065e-01
-3.810589340571744477e-01
3.994421651113031491e-01
-3.415470828620952859e-01
-4.432925500684665732e-01
-3.430610358022780360e-01
-4.999875452284728850e-01
-4.956414361711209970e-01
-4.066367490651846550e-01
-2.405474658093753881e-01
2.162718462734019298e-01
-3.422707233283047712e-01
-3.695883445227524655e-01
-4.388323034323020067e-01
-3.301434105447398348e-01
-5.040186854821350204e-01
-4.037002341973466302e-01
-4.783750474223725790e-01
-4.826239051539059077e-01
-5.344707589553231164e-02
-1.671339241095158024e-01
-2.621140818158110841e-01
-4.370963168653170250e-01
1.830216385872640850e-01
-3.473141220493624615e-01
4.961522331759017634e-02
-2.913509006997394568e-01
-3.375875961823315285e-01
-3.060063466407638710e-01
-4.040243709744212874e-01
-2.280961518074555439e-01
-1.213916267223086598e-01
-1.908678225958345687e-01
4.443397755595698828e-01
-4.568925831797742698e-01
-3.458059326171299408e-01
-3.800125642285056005e-01
-4.842970767656823439e-01
4.726296950927394436e-02
-2.205218682208022196e-01
-3.121400441323114450e-01
2.440783221357598898e-01
-3.544717176895256783e-02
-4.355759928659733715e-01
-2.537697233332869007e-01
-4.255855102120042338e-02
7.676002896778742757e-02
-5.201093738777926578e-01
-4.692906438103809919e-01
-5.908282924192768126e-01
-4.503015282398569741e-01
-5.393962170682908841e-01
-4.786856396706601346e-01
-5.014191352159342863e-01
-2.725708839297950603e-01
1.269349291951360204e-01
4.021324499756412374e-01
-4.798865800482008392e-01
-4.899145511230676431e-01
-2.719794191547713069e-01
-3.559849880671654421e-01
1.719893150989016545e-02
-2.235267759188785675e-01
-4.870409880849809747e-01
4.174609165764418817e-02
-4.803418912905525473e-01
-5.011521154205439421e-01
-1.810105634278083020e-01
-3.063848116558628432e-01
-5.620040279863771637e-01
-5.138595465928655903e-01
-3.753777002283378295e-01
-4.397200995990423467e-01
-2.503838216400971484e-01
-4.312986510113424599e-01
-3.214737013967404189e-01
-4.034888456057798001e-01
1.935773761632626488e-01
-4.481587923597147305e-01
-6.486649272575528702e-02
-5.100352845340134778e-01
