9.506313859593774396e+00
6.863324607067855077e+00
1.183459147711680615e+01
6.997111484104905799e+00
1.860801788552281266e+01
5.908492858053772778e+00
7.443669401360480720e+00
7.707085186356416706e+00
8.504907969067275531e+00
6.014145606450492565e+00
5.083103226197909663e+00
6.437495905494393433e+00
8.040409211119349919e+00
9.270684683683848348e+00
8.822197937888736519e+00
9.399123606741911274e+00
8.416268356576019016e+00
1.258657720483262921e+01
8.794317509220300977e+00
9.413223168016182640e+00
7.250945746360699218e+00
1.116348345415036825e+01
8.117213275579537424e+00
6.635994248092765169e+00
5.696183578692233240e+00
5.359210219286271837e+00
1.505646257893099182e+01
5.681077906460574312e+00
1.448165823425296672e+01
5.051891168054643444e+00
9.406661262285288316e+00
7.715609624431121638e+00
7.346009725776224464e+00
1.112490627249432862e+01
1.040345047584189331e+01
1.246739959268089848e+01
8.250551261807920866e+00
6.477012580954998100e+00
1.018068918230605213e+01
5.277781114012252139e+00
4.302360307493061420e+00
1.267692593639860554e+01
6.165554847391677917e+00
8.545103571072861115e+00
1.559305677115549216e+01
1.023118889654416463e+01
9.974553682307487179e+00
7.053294310584514726e+00
7.807454923013851023e+00
1.207291695099587514e+01
7.416563588131823259e+00
8.861015642652469992e+00
9.909375896597294897e+00
6.052869235489063193e+00
1.365239372921208094e+01
7.244310844843028008e+00
6.551887252231273884e+00
1.016156127165155709e+01
9.409818556339221374e+00
9.790951235565442445e+00
6.997772697060338665e+00
7.723333172313087580e+00
1.401361736451392481e+01
6.225370328785425400e+00
1.662619271315104896e+01
6.021740652340145772e+00
8.161515637978427051e+00
5.294056326587363692e+00
1.332416099847215207e+01
8.118216115304287328e+00
5.375494939470627287e+00
1.458639296585274003e+01
7.661545634971092866e+00
1.030839762766804313e+01
1.313797601364217194e+01
1.373530716785865913e+01
5.571620585443380236e+00
1.231400583368476553e+01
6.595350460200370968e+00
6.710292862753305165e+00
1.094461356230618065e+01
1.080891395721234005e+01
1.524556098804710125e+01
4.525772948252824612e+00
4.504758159112972393e+00
7.627334456750545222e+00
2.120615123271739222e+01
3.642027967762736296e+00
1.639367333967482310e+01
9.125123894261404800e+00
5.724689052766882114e+00
6.759526207403935061e+00
7.469373593048027615e+00
5.552161594863354033e+00
1.525088924182703209e+01
7.113883333824482236e+00
8.934283718280962461e+00
8.855549937329177723e+00
8.588770393934249014e+00
1.570389986255883308e+01
9.777572836992257876e+00
1.836626173732884837e+01
1.102312345583570163e+01
1.234565245367212682e+01
9.114992771075760558e+00
3.912604129437375455e+00
8.645783485757263520e+00
6.579328506129265008e+00
8.445108675210073912e+00
1.023419884878235386e+01
7.811595855616963568e+00
9.950551854263908425e+00
5.854149607089115470e+00
9.781455164806249769e+00
1.365207119305733308e+01
1.856536028455710152e+01
1.405921080409633461e+01
1.212940036030955149e+01
7.353843034418571456e+00
9.796293595553951405e+00
8.920126163799816155e+00
1.095828593958186659e+01
5.670428959993048856e+00
8.581882493518017796e+00
5.703605859528144251e+00
1.318414807746949258e+01
1.237067233205549321e+01
1.398678745357065267e+01
8.901759379794793148e+00
7.221948301958376781e+00
4.743751489448870373e+00
5.859546265397375997e+00
5.680757215104740965e+00
1.534664769368282755e+01
9.253512604677284870e+00
1.294839750706680981e+01
1.734689707660903224e+01
6.764105272738865970e+00
1.011500635425709582e+01
1.231258953529530231e+01
1.347915306086152576e+01
1.043692881454622423e+01
1.481228975180966678e+01
1.041877171691502291e+01
1.833572472360809869e+01
9.074272149059009251e+00
1.593124895328626422e+01
1.222182306289972686e+01
5.022271866727057166e+00
8.716954696583128381e+00
8.148055993309650802e+00
8.651842194296341049e+00
1.537063539377483323e+01
1.269627185117994372e+01
1.216854412317505840e+01
6.373311484551334338e+00
7.208931160453947662e+00
7.615584480107546739e+00
4.473938903199353057e+00
4.943150723725100448e+00
4.329326950766067661e+00
8.848235173966340739e+00
8.895157697801124641e+00
7.961944508559417599e+00
7.184187236610504179e+00
1.153128290311611259e+01
1.500504624432314493e+01
7.494868778754935512e+00
1.122490529921531532e+01
1.083993091757028715e+01
1.595709944115095524e+01
1.001000950085107988e+01
4.874479172304477359e+00
1.163533544390478802e+01
1.658956243654301943e+01
5.587817668366860779e+00
1.699908344956052275e+01
1.317118020559103542e+01
5.787398814509985279e+00
8.852417363536535078e+00
1.516616558790895120e+01
1.445869317877436089e+01
1.027469388385336835e+01
6.301250721660786702e+00
9.757485695354070288e+00
8.507729213227094078e+00
8.896646574538976893e+00
8.186552344550593219e+00
7.621343541305694913e+00
4.913143378058269839e+00
1.011327259812740564e+01
1.397283260791842530e+01
6.538039810869707757e+00
5.445168558196839648e+00
6.295968378784673192e+00
6.527720926675345758e+00
1.251850149144797086e+01
1.149999057274670911e+01
1.130642090168592517e+01
1.279254521307510295e+01
5.259730369568107022e+00
3.939620825274580351e+00
5.244089683295573678e+00
8.504125942161138596e+00
8.806444401061138905e+00
6.362607781234703275e+00
9.878913978163607723e+00
6.788562045789041655e+00
7.376142584127945767e+00
6.362332591996058717e+00
1.034015228504561534e+01
5.451420364363355198e+00
6.492287528490644277e+00
7.482376115167052255e+00
4.618327574141877889e+00
8.699261383333013242e+00
4.582000405720875413e+00
8.302957205526187323e+00
4.847819601291507574e+00
6.341235016750029985e+00
9.019757573337592760e+00
1.462276787554094426e+01
1.247211053651469648e+01
8.091239604588428946e+00
7.271862102485815882e+00
1.112812059885947491e+01
1.158215008218583186e+01
8.031043484949558220e+00
5.992013272508832422e+00
1.071458356127505773e+01
8.319961922621072148e+00
6.044502301460156879e+00
1.135655218580915715e+01
1.185990762820718203e+01
5.225494111379688000e+00
8.399586265217680037e+00
5.659753833101645704e+00
1.091065698259486716e+01
1.003190025678175523e+01
1.970469957837774899e+01
9.229891198655799656e+00
6.006816951988936282e+00
9.773516596910141629e+00
8.593648026541632845e+00
1.065995109437163535e+01
1.117129179370802561e+01
8.877021523566732242e+00
6.423622896650238445e+00
1.210338048326895866e+01
9.439464427590808171e+00
