2.869496464674384795e-01
6.929035238854162060e-01
1.807760487040587505e-01
3.528717188455130632e-02
1.054034145908194914e-01
3.648814949727776508e-02
4.362760254439417701e-03
1.969668467311607579e-02
8.905332175747989257e-03
3.406278886923375659e-01
6.050458700759985681e-02
1.105452320697943545e-02
1.716166518222384807e-01
8.943184168220310593e-01
2.246234919848674391e-02
5.281015612582698124e-03
2.562843839732107942e-01
1.475557873836442937e-04
2.269902062839518602e-03
4.486733481110785071e-01
2.816192615782232289e-05
1.784955387863546850e-01
7.870732554252286069e-04
8.961706952368087009e-03
4.547181372366793290e-04
1.783444268435504243e-01
1.041924542814382480e-03
4.311098110954375562e-02
2.422396341772070638e-02
5.011826629401023858e-01
2.096853160353835763e-03
5.938469797570209568e-03
3.422422566160290280e-01
1.016365312227065576e-04
7.868147066307085288e-04
5.233696366275247683e-04
2.974836687184291215e-02
2.580228103109034610e-01
1.994874180129987962e-02
1.168768459359391804e-01
2.090696375250869488e-02
3.222601074633252879e-04
5.917568815285058001e-03
5.052557672884430695e-02
2.957400637051051454e-03
3.308452139132729130e-03
5.011871798381202225e-01
8.725584076209141199e-03
1.148058154701214490e-03
2.933949375957248251e-01
9.111391020441456101e-01
3.798994844016682221e-02
3.577051075306341386e-03
7.369344755930088420e-01
4.486230918255338374e-01
2.364413964399984022e-03
2.464399901779986551e-02
1.418682639600150723e-02
6.187633812634536811e-04
1.479717886974904646e-02
1.060625509191072787e-04
3.269330824666164762e-03
1.501480425743381350e-02
1.903016854204670760e-01
2.677810175319419658e-04
7.538066076511565905e-01
5.889098409315855244e-04
1.233148681541286831e-03
3.222850036196198142e-02
5.236629743016567133e-03
4.824815181463868764e-03
5.684610501914205000e-02
1.717271931576957750e-03
2.098743745168672181e-01
4.543895458919051666e-01
3.436919640895446065e-04
1.375115874483412003e-03
5.424493873256901535e-04
6.086369886548707170e-03
1.839021753450532370e-01
9.661270522339804323e-01
1.269866011994260357e-01
3.218939513664389324e-04
1.713839799861172292e-03
1.651107346808480824e-04
8.799345183302671736e-03
7.279937938246276719e-02
4.164297817611682857e-04
4.274481271781562647e-03
2.254802433381965492e-03
3.068153764227452562e-01
3.550029345753252796e-01
1.181288929020996806e-03
2.730606876380297764e-03
9.777073060801255711e-01
7.399437192913833616e-01
2.347524616922497438e-04
1.738736882160390324e-02
1.405279993426024982e-03
1.459986381009097944e-01
3.460942115022640556e-03
8.755423148553628798e-02
3.131270430373243596e-01
1.600309889476574099e-02
1.800715702516916469e-02
2.406440754357687568e-03
3.843178920485787464e-03
7.480356771592766530e-04
3.488662093063019803e-02
8.774147276560043465e-03
1.279711192534028763e-01
1.428152427878479796e-04
1.672557441680898099e-03
7.319472231670077697e-03
3.421051101088933081e-05
3.687416169347327178e-03
2.343666198060422035e-01
6.683563860829309240e-06
1.782973887410700675e-02
6.394534389996142654e-01
9.858771318644846571e-05
2.259747663291256439e-03
3.733846493105969552e-03
1.799501864204257895e-01
1.428936431129552431e-01
1.497342971358831265e-01
5.711607479829149125e-02
3.519716700711407742e-01
1.997185541391670923e-03
2.319500878406085403e-02
2.455930208024883175e-03
7.899554312950576515e-03
6.720791677171179535e-01
1.693473840732481750e-02
1.159318264621906659e-02
7.181045771616442752e-02
5.424894339778404831e-04
3.749156505045895399e-02
5.602144717592891313e-05
6.923601607987236659e-04
6.257534215399907906e-04
7.142992469029268987e-02
4.270022057089081086e-02
4.498587882838475140e-03
3.689054592915753049e-04
1.974519629528574444e-04
4.767318407107237234e-03
3.933856422744221905e-03
8.806489809719505232e-04
2.742927186796634623e-02
6.736432368012665317e-02
4.078362056858114715e-05
3.571143762961766829e-03
8.443238317981453225e-05
8.178944472269825683e-01
1.616531114751932896e-01
5.787722577655089913e-03
1.104115337322972000e-05
5.109222051844435931e-03
1.605097915815505236e-03
5.189423154155292650e-01
1.676773011971697831e-03
7.453927668048754773e-05
3.054168308208417282e-02
2.462260460249886783e-03
9.207149973800602405e-01
4.475938565057155198e-03
5.155741212443993096e-03
1.439053643145739464e-05
7.129437795524380499e-03
9.527148603376089583e-03
1.903697643812412091e-02
5.668954202741062209e-01
4.276671518526922906e-03
5.070005159923987037e-01
2.960363502033571681e-01
6.113142961345128246e-01
5.850538783025681366e-02
1.177738293661408919e-01
8.556636577213496894e-03
1.470663364557194333e-02
7.744908629959720847e-02
6.121591045204045900e-02
6.119359467179247974e-03
7.542756529618070971e-01
1.989883409904579913e-03
4.972047358082095064e-04
1.324725714691553091e-01
3.562316182886677424e-03
3.710219489810252531e-03
1.387040384108724836e-04
2.180842103142625193e-02
5.155524823785767770e-03
5.887329572226018696e-04
1.582098119204524145e-01
2.340450746917906752e-04
1.016292994620458714e-03
3.046106676443704475e-01
6.550125288951436087e-01
1.617703650901410051e-01
6.646958604123787140e-02
3.296977178818710774e-02
1.307847978889050029e-02
3.884588817874293221e-02
1.615752659460388541e-02
4.446544165019798434e-01
2.562803868858313239e-01
1.344384606589108522e-01
2.572500266917633963e-02
2.134427877975800594e-02
2.670805514283663452e-03
3.028481931842040713e-05
4.106328469222059185e-02
1.080153402668875690e-01
1.443589939699226332e-01
2.333565903131962563e-02
6.834891523458816454e-02
4.003509547481064537e-03
3.869731467497859820e-03
5.563512773840540993e-01
1.050705696002967281e-02
5.968461625303934925e-03
2.874780042463031052e-02
7.069414835423188086e-04
3.515220703487526022e-01
4.062470783445433775e-01
3.296024698928164409e-01
1.470171962717219116e-02
3.659542664879499117e-03
6.491698590572155154e-03
2.149226422031318418e-01
7.607276936769347131e-02
6.684529827718593137e-03
4.876578157524287527e-02
1.780218183441013846e-01
1.406812119365362032e-02
1.961058169073267091e-02
1.791087425118318699e-01
4.096030051228631563e-02
1.901177972896962145e-04
3.758582188639065375e-02
3.759117977496156254e-02
8.761526474091112238e-03
1.608430781734394160e-02
8.464233904409151910e-02
9.886458460966480732e-01
2.872828064611626098e-01
2.481643295735710686e-01
5.081216357096950825e-02
8.186604129478118608e-02
6.235204223639476129e-02
6.370304227695938737e-01
6.286865997606291183e-04
4.492341910750584605e-04
7.783649131887028332e-03
7.122424208111172161e-02
1.167605791510931412e-01
1.331002480178957240e-02
1.751718676812777029e-03
9.741728180652629135e-06
1.159610329356224913e-02
1.306261883295569137e-01
1.675969245211178917e-04
2.619140040645620560e-01
8.326515069523995893e-02
1.028081881827988889e-02
3.902621419404555896e-04
6.107158809641841657e-01
7.710702061053943679e-02
1.336762245566474813e-02
5.272930669062955711e-02
8.936103061070985870e-03
2.785902351631553558e-03
5.224029786059921493e-02
7.826399942890588032e-03
2.364483972833364422e-02
6.622382275233069937e-02
6.531670694908533470e-01
3.711950055649611144e-06
9.299810719615782262e-02
6.546140253659487040e-01
1.337086300846829501e-01
1.004046375742060071e-01
7.175219618127416654e-02
6.711367798205675195e-02
2.898420592094775629e-03
7.370457982721684287e-01
1.790306143344473078e-01
1.738312178763914417e-01
8.811994265954083486e-03
2.816118309391443938e-04
6.661732182291415106e-04
1.221223400134150983e-01
2.817813102331582012e-02
1.534619766654317652e-01
1.094688740397352307e-04
3.409150348091073979e-01
1.258130721986285146e-04
9.279156449749274491e-03
8.641150025274296764e-03
1.058662912707245968e-01
4.537593399232804914e-01
3.022917557782914873e-03
2.374197631827473093e-02
3.440799501144576819e-03
1.008348099119723038e-04
5.659870283897288495e-02
9.162167186371510813e-03
1.308923255770585471e-02
1.025232943248692965e-03
1.857844487642865694e-01
4.168392226638349186e-04
4.579618593042643349e-02
1.663519918752171811e-01
4.200375634240835829e-05
4.079666353553941353e-03
2.057567588885221843e-01
4.702333753641127316e-03
2.404737623787047757e-05
1.948942760310874754e-03
4.799126453764503836e-02
1.900766892772400626e-03
6.192634591509850184e-01
2.283094482098871510e-03
2.310737219081327939e-02
1.264688514191294154e-02
1.908903917560461974e-02
1.307044087268710206e-04
1.562920917011619698e-02
1.623888360211291626e-01
9.676081243530393339e-03
1.349607185581096994e-03
1.180675197260236259e-01
2.056869411622606295e-04
1.876326319414304833e-01
5.027845189253787872e-01
5.590834022183291049e-04
3.017455107156386557e-05
6.294880381388660018e-01
6.678650167733937160e-01
3.247825125518818729e-05
4.609656784664236968e-04
9.701625613596588649e-02
3.285001810994202850e-03
4.905756028426594417e-01
1.707516028522454155e-01
3.425664145736310173e-01
4.650182665520494196e-01
6.750928654037209320e-01
8.309695238721860611e-02
4.403645408337558730e-04
5.068275724566098095e-01
7.225733836941433880e-05
1.780574997886215718e-02
9.460437628052634773e-01
3.185059603042985493e-02
9.420271345553988818e-01
9.558551156517948455e-02
1.050650697554927349e-01
6.690511075708308626e-06
1.945101481883996611e-05
2.605865844238899331e-01
9.969329137592483070e-01
6.016698411385796863e-01
1.357198876313868039e-03
6.971804596356126005e-04
9.515578293430980049e-04
1.641234240170339476e-01
5.714461524133455095e-01
1.509983942250327791e-03
1.928900133407770168e-01
4.442789470424205606e-02
6.960862141033791195e-01
1.187095735777321459e-05
3.486251230847020859e-03
2.367861395814664812e-04
1.540008629271567564e-01
3.400473866406945184e-02
9.869445978102586031e-03
5.973595772153701411e-01
2.164637334089915544e-01
1.057429789903275739e-03
1.643619490075305112e-01
1.211417374199877731e-02
2.545894456150506469e-01
9.980912379130960632e-01
1.010430954238069994e-02
4.925509530303795675e-04
7.679344274603799869e-01
9.713495980741587710e-01
1.819625115698040620e-03
4.017162226184386987e-04
1.054253797938123349e-01
6.534169486522354783e-03
3.158997939967624329e-03
2.691572836234981669e-01
2.160397529233373110e-02
3.432520173742922842e-02
3.183001994923338046e-02
6.379026061512833856e-02
3.143812208684739762e-01
2.651511715460962981e-01
1.696208284465556789e-04
2.843399338191747970e-03
1.366318941176880510e-04
9.892872460002558044e-02
1.489015690125965741e-01
2.877359530936184767e-02
1.359298913096911865e-01
1.360544139790873519e-01
5.373946933692392604e-03
6.181106189908854021e-02
5.880886509568133969e-01
3.973322964612528360e-03
6.203702528254353629e-03
1.178160047173398284e-01
4.509635562395029607e-01
5.745498230395594888e-03
1.431528448905057711e-02
5.602454999383736992e-03
5.428707865987066755e-02
1.396545510076400726e-03
7.082014102554654196e-03
2.233719285832495047e-04
2.639947725901297965e-03
2.553011469783997723e-03
2.968668687863052283e-02
6.904506867970049491e-03
5.913650595337365673e-03
9.372849237907500131e-01
9.711662345069178581e-01
4.327297646025799610e-02
1.088124427121882532e-05
2.213753234324924990e-02
2.442645448684076931e-02
1.854103829466888795e-03
1.427729297452379545e-02
7.087640207672840642e-01
1.815400159931057113e-03
2.731662784987011761e-01
7.068351307887905770e-03
1.518697795220859681e-01
4.427478896279246124e-04
3.920625609247054000e-02
1.771176401869319680e-03
1.201744679171822504e-02
2.601505149947139824e-03
2.162833320996025190e-03
5.594712295753859069e-04
7.611079069543037756e-02
8.077521342439515639e-02
3.116863760210433765e-01
3.328748178540945346e-02
8.677707752820397816e-03
4.447499698101786171e-03
1.531002142324310034e-01
9.374954413726440672e-01
6.555238243232888729e-02
3.731298315771116453e-02
2.121823328310048964e-03
8.713890275138354985e-03
3.932587995647807838e-02
1.588608590664511086e-02
2.230929598094062976e-03
6.193078812703408124e-04
2.493138836380671616e-02
3.704731790246231036e-04
3.604085611430225822e-02
7.957630576166634107e-02
1.087451145176244853e-03
9.733718374030754517e-02
9.709204983821241586e-02
4.377920277810630934e-04
5.146594348070723931e-04
8.418898601241234930e-03
2.239986570936989552e-01
2.074074330370006408e-02
6.428065388226307519e-02
7.264076112490771425e-03
8.144649760185329081e-04
4.695558726442818943e-03
2.958227511882783461e-03
9.560554337669024223e-04
1.407999630292876628e-02
7.808669233798372078e-01
2.155222350513454413e-02
6.611303310701719359e-03
5.038258370249391049e-01
2.726457756199111848e-03
1.212368469570746264e-04
8.308271600906302901e-01
1.712512248308721285e-01
1.040473914058327037e-01
2.093879811888356979e-01
1.108772708315826133e-04
8.782396420830956493e-03
5.958576180157394361e-03
1.312077602177376748e-02
8.402041599778850012e-01
7.256600644383255129e-05
9.618083109531981936e-03
8.666347527915573001e-02
2.016943437051271770e-02
2.291989814531496166e-05
8.644134561309572973e-03
8.437695597965237703e-04
6.621081253447920478e-02
1.621299581344944063e-02
2.128887629929063496e-01
1.184430046068909309e-01
5.261708049881340665e-01
9.492931587400272875e-01
2.703391513253138208e-03
8.000771795350248849e-01
1.956203116803515232e-02
7.336631743158531817e-03
1.170393153500000078e-03
3.237931439555222614e-04
3.394047864553796923e-01
1.325091679139326782e-04
1.221858706950944146e-01
1.127369417451218742e-01
2.026755613543242823e-02
2.903677567208937105e-01
5.102475239057738809e-01
1.045242028946654581e-03
1.780101191383789139e-01
2.133333505579095089e-04
1.484135290166742474e-05
2.151733224517042836e-03
8.295730610879245917e-03
1.295913542731815145e-02
1.438566809317600630e-03
3.594513193727962852e-01
2.443326301715287741e-03
9.739830343266259183e-01
1.404920281745600632e-03
7.710839580358857907e-03
1.016166895715531031e-03
5.927609213172361190e-03
5.120171864346581038e-04
4.120210011679034667e-01
4.255299820725783814e-04
5.476999920718545432e-03
8.521999116862072343e-01
8.451912838984675796e-04
5.198170232267725240e-03
1.456707998452824449e-01
1.114699243234381076e-01
1.191985065870043888e-02
3.087094795673761685e-05
3.468547987677682472e-04
2.947901298568433165e-02
2.765774945862782552e-04
6.340726807408759297e-03
2.030267190247035669e-03
1.690884511904306841e-03
2.045837301069710398e-03
2.360144149818138581e-03
1.123735913766874287e-03
3.875834832668133864e-04
8.565599665551577868e-02
2.637739232703951719e-01
2.760293323557313789e-04
8.405376628950139706e-01
1.224300276498321016e-01
2.266419214012064046e-02
9.355654706135788437e-03
1.010527903166227783e-03
3.951886568558800050e-01
1.671536294444874240e-02
6.354158085535084599e-03
8.870377521633755541e-04
8.106756124610281500e-01
1.210367113197485800e-01
4.035054605162637087e-02
3.230725608537880940e-03
1.112499618899601878e-05
2.798772409816019727e-02
3.092321609907444299e-03
1.328600754250156132e-03
2.791047580763250050e-03
1.066533023067606217e-04
2.416505672715043018e-01
3.082501850290107932e-03
6.513096395966423424e-01
1.333616511238372437e-01
2.393089061010404139e-01
2.560741709912473050e-03
3.073154373076824458e-02
8.276268556777589547e-01
4.044069485261209650e-03
1.842326301532542024e-02
8.770494829044789276e-01
2.774942868365521884e-02
2.307108155060039179e-04
1.865388731908481090e-01
1.688885588050488551e-02
4.435160379380964635e-02
1.167249886453360919e-01
3.167043594311229338e-02
3.033564481311789348e-04
1.266164829419403779e-03
1.650318970342348757e-01
6.451257431690867739e-01
6.474079877589015986e-02
6.112800270777801054e-03
3.512954962715994500e-02
5.264466545113466282e-03
1.901155108852675430e-03
2.369754977931472772e-01
9.676856241602779241e-01
5.126245155090712385e-04
1.345094093476885541e-04
3.071402023766025158e-03
8.592307828460417005e-03
6.464519290345875982e-03
3.080091863279011723e-04
5.166417725221030682e-02
4.292928543131026009e-01
9.604180561769589675e-01
1.010857495161392346e-03
1.515688586726468279e-01
2.219274164439669756e-04
2.480346037506682769e-02
4.739246824925168189e-02
1.267789252818944945e-01
8.713803630067387673e-02
6.216902856811873379e-01
1.282565676823594399e-03
7.087822191164530085e-03
1.527687468863167010e-02
4.103537859162939561e-01
1.990094950392124406e-04
9.345548682870947685e-03
1.369238957889478069e-05
2.122132726866757853e-03
3.381549426981784318e-03
3.287646398626963874e-03
1.839133402151572417e-03
3.514371830837234034e-01
1.254774315381232778e-05
5.758960411938524038e-02
5.365141338945491820e-04
3.591445878695673222e-02
9.344886589625444988e-04
2.253704427961927270e-01
2.550318698811918083e-01
5.411681234463251444e-01
1.088790039524881268e-03
8.324001845612184480e-01
5.196015734510959216e-01
5.450339422839121095e-01
5.331002362764825607e-03
7.012393695462616483e-01
2.490743200180023723e-03
6.881312905999208418e-01
3.110138779825833213e-02
3.460150420952714471e-03
2.631248461362424470e-06
4.660043752443718441e-03
3.985038824238991417e-02
6.135898296939414770e-03
3.928439009133357640e-01
1.240729811178387515e-01
1.573653736259495589e-02
1.331446379046698995e-03
8.865326191974542969e-02
8.138698836488303390e-02
2.525534760754060137e-01
2.133227766304978401e-01
1.868553808432248664e-01
4.246827960023470405e-01
1.353354073836663752e-03
1.049652901652247533e-03
5.002397665233612560e-04
6.905717218833297422e-02
6.597174014110597229e-01
1.192933095167394014e-01
3.151639551923041682e-01
1.359868542104163136e-01
4.283969138461803106e-04
5.063995611689055265e-03
1.987811501438318390e-02
6.799064113803749976e-01
1.875741277941758017e-02
5.753811543386123661e-01
1.156923712495322443e-02
4.053188430043410534e-02
1.084525844497192214e-02
3.068616591599927501e-01
4.726470699246704266e-02
9.785646826806121412e-02
3.210680216919140628e-01
2.120911404963028452e-03
6.161158536517712114e-02
5.269559165025894040e-03
9.680516908849838987e-05
3.747377674005774781e-04
1.632060507014392340e-03
5.557488804743736461e-04
3.720014269529013651e-02
8.557293496674182876e-02
2.259630608129980719e-03
5.569474434271006608e-02
3.001259439724388023e-03
6.451190067343716417e-02
4.421847124937733353e-03
1.356551805231171470e-01
3.872488526608700975e-03
9.996590061292243146e-01
2.160980329949629963e-03
3.935656722462414379e-04
1.397756684754242890e-03
7.149819349975085336e-03
9.823150816980253941e-01
1.081458627299861563e-03
2.780893189465720172e-01
1.005367636617353067e-01
3.916089650920548393e-01
1.559947008810995406e-01
1.812320442599733572e-01
1.998536435621516005e-01
9.618830847794918038e-02
2.322752053532396721e-02
3.933170285552954268e-03
2.623051617619818685e-02
1.479980912250913883e-01
1.341657230591767891e-01
1.296247045631551860e-03
6.359127054349185751e-03
1.153653800632796315e-02
1.740714903714665239e-05
6.279192917208333870e-03
2.239332528144651613e-01
9.905888642913751596e-03
3.592270113836799200e-03
1.011013764926503439e-01
2.635431449617776645e-01
8.963520879516391482e-02
1.870411762863200544e-01
2.331989201783705383e-04
1.252719938145980816e-01
3.962554540547015211e-03
4.968944016523536150e-02
1.223423979669211598e-02
6.167846106915962634e-02
7.855387612951159060e-01
2.401475117339618628e-03
9.002779563363590837e-03
2.979156386383953643e-03
5.737848466820241189e-01
3.158083474216204938e-04
1.770253809994872885e-03
1.650666249611441871e-01
9.076174960083937485e-04
9.352808858116150592e-01
4.070788546480133552e-01
1.867458381741749773e-01
1.072307616499202677e-02
7.298445110372610116e-03
3.453630794027816309e-02
4.157933668724644871e-01
6.687506717723660523e-05
1.942799857231235564e-02
4.536080221182751948e-02
7.705118486305359560e-02
6.358540061003175800e-03
1.431082922543674973e-02
3.814671342831989498e-01
5.006332454404839316e-01
1.943768547450181183e-01
2.693443243905387918e-01
7.741763327402585053e-05
3.443294851235479846e-04
2.390072135274007997e-02
3.363305958894239889e-01
3.721917080681183890e-03
9.214590513759630952e-02
1.424473441790411864e-03
1.393926073298992936e-03
1.477844713411014151e-02
2.402497142913445627e-01
3.483766967895616205e-03
3.774505963797232522e-02
1.376879226539261605e-02
1.419839974446293791e-02
8.538659401357138914e-05
4.917386721490603074e-01
9.772406403898267670e-04
2.850739477287629955e-02
2.585346262612637711e-02
1.806437892916795407e-01
1.157594451054230894e-01
2.287215056842183680e-01
5.766713772591912368e-02
9.165162699802773157e-04
1.805046538726023386e-01
3.981548982375938961e-02
4.714990112096059498e-03
8.953366187716037738e-05
2.245905400551609921e-01
5.874164025720883531e-02
1.308543393482237797e-02
1.280255872998621852e-03
2.035004369813027999e-04
6.833743017530020669e-01
6.257863853945279517e-04
1.827067566779779612e-04
4.418349590444711154e-05
2.545260102461056884e-02
2.478858050500493404e-01
4.299723867575750043e-03
7.941638437307617648e-01
1.919041028722337228e-01
3.271595431051620845e-02
3.469694194756840593e-03
8.660186445894355045e-02
4.913762097458994338e-02
1.781285990175820177e-01
4.353435524404672408e-02
1.883870632118859328e-02
6.956662256217944762e-01
1.558704025692511930e-01
1.418540533903631085e-04
1.228497652678161786e-03
1.818678272979204133e-03
6.349662325793656434e-04
7.806621391343397665e-02
5.405916732098271400e-06
1.671830645803953084e-03
7.045658841220517332e-02
7.151553226203524738e-02
9.655562834468658373e-01
3.626433664040791191e-04
3.122502379960405243e-03
1.244056473426895021e-03
2.716239420737621987e-05
4.409162898968864430e-02
9.594734985338700117e-02
3.550026434224960964e-04
9.867588398083866341e-01
8.074142822055760784e-04
4.981617408937786227e-04
1.613763187758293985e-02
9.955189994711501067e-02
8.882440720515610844e-03
3.512348624820263998e-01
2.957241207051178322e-01
3.222201883703760400e-02
1.392211887572102373e-03
1.325390689500851888e-03
8.079153593626840118e-04
2.613397438296294339e-01
1.106556459757361815e-03
2.157956981759116474e-02
3.861944823134851046e-02
6.923539622396603921e-01
4.213896233862897134e-01
1.221655809783538972e-02
1.913902700069277096e-01
2.609368125068941072e-02
9.120381421059083754e-03
8.326961106923332946e-04
6.715653756202246468e-04
2.061943837501453713e-03
4.955729571013117729e-01
9.808577974963204882e-02
7.403611467580027694e-02
4.111120183857742277e-02
4.633430218199605100e-03
3.710651191104449853e-01
3.823569008041102259e-03
1.312824511735479621e-02
2.296248784207432798e-03
1.200090796258503154e-04
2.119811449614492083e-02
1.807883343478787402e-05
1.161643405558088161e-03
2.756146205571994787e-02
2.875938569434794215e-02
5.332826014595955927e-02
9.798130623754240046e-04
3.071695422020207346e-04
7.904036333435433478e-03
2.915754848416845721e-02
7.133743965457480796e-01
8.381124990474678182e-03
1.479333705135890686e-02
2.244492545731053450e-04
4.204418898464695568e-03
1.292722987088947418e-04
1.925902099086536671e-03
4.512754674525953219e-02
3.700415566002385886e-02
2.634489695149928035e-01
5.377201438305789782e-01
1.281040540339749940e-03
2.669747779069267524e-03
1.475589421722753314e-01
6.075632534307598420e-02
7.002627907066073278e-03
4.170628141445461580e-04
5.245223005071877409e-04
5.011181327393664231e-03
1.260411260657699588e-02
1.350117395992966179e-02
7.250853775094497078e-02
8.068808281948554040e-01
5.057378077651730752e-01
5.033617259712562519e-02
2.269840532265179900e-02
7.228300067425490194e-02
3.864655479872702700e-06
4.043615943092994658e-01
9.528839344950063017e-01
9.127637630605256458e-01
1.513832489937871895e-01
2.014400866911969143e-04
6.848371746004893075e-03
2.545990587445682435e-02
5.180527254958059748e-03
4.123711898334672232e-04
1.657609124932311606e-01
1.936032320695391974e-03
4.972241240849196997e-03
2.037053230498244230e-02
4.639753625567952407e-03
2.838895218856362160e-02
6.581888633438101599e-04
1.380969944758783652e-01
1.017149294374613579e-02
5.424966313240623360e-03
6.103713404142866450e-01
9.011508149873167506e-01
6.622134544919117127e-02
4.456939079934369059e-03
6.723384140189220259e-02
5.890298666459341085e-05
6.213736197492746305e-01
1.285859559432413462e-03
1.454996519209279249e-01
5.210275218151549925e-01
8.415298960183572596e-01
3.289580284354886273e-03
6.292951363338410431e-01
8.496955325922475252e-03
5.043776146270378220e-04
2.443328188595663905e-02
4.354935574127160409e-04
2.478802066204325583e-01
1.990656966396521255e-05
1.995373389323768041e-04
1.686727532072461672e-04
3.883697785239290882e-04
1.884416561533467814e-03
1.021895252381525843e-01
3.955173021034311814e-02
2.178026204655257314e-01
1.772664963385457357e-02
9.173232689493667769e-01
7.581928263759681041e-02
8.940719473550452941e-04
7.215145628421351263e-04
2.471141452040646613e-01
1.087397394407650376e-04
6.370284941495948407e-03
1.682849369230722753e-03
4.274495574063075188e-04
2.196938633300735411e-01
3.166316930355894720e-04
3.235415051864040104e-01
1.571984537511784130e-01
5.869783050267677119e-03
9.262982704948270448e-04
1.424835805376063469e-01
2.796548717838330256e-01
1.927711182573944512e-02
5.419563308943876195e-02
1.408484564224363710e-02
2.128657378438718675e-03
4.644818888311058602e-03
6.135702214925721357e-04
3.859247550864445403e-02
1.177742667755208781e-05
1.440309866807159937e-02
1.876041247273285239e-04
5.698010712051603324e-03
9.350915587619318403e-01
3.602005555934043035e-02
8.138087617231578794e-03
3.622088971574372474e-04
5.910919208623068195e-03
5.417582148629210281e-02
1.842588265928997394e-03
1.911189397129113565e-02
1.217282594663075257e-01
1.794475577944633468e-04
5.938859162454934726e-02
3.071701622691768718e-01
9.968395352219199257e-01
9.304095905174510905e-01
9.901747724173188825e-01
9.870290883370347323e-01
9.904948276569216503e-01
4.723428237687991582e-01
8.342317587544049173e-01
9.004682619531360066e-01
9.970123851632828327e-01
2.990065400305061405e-01
9.629121559023724464e-01
9.614805394383217907e-01
3.628417746882223183e-01
9.973047539312248633e-01
9.813139457079598227e-01
2.646717176129277926e-01
9.863156460089889110e-01
9.551979626944200330e-01
9.701365939943850103e-01
9.590544385946235817e-01
8.595625563905108235e-01
9.993486717600780223e-01
9.909795783952141113e-01
5.678809638042967567e-01
9.838104745391188510e-01
9.682083961796449367e-01
9.197777127254518348e-01
9.582640373230153497e-01
9.892643643799537978e-01
9.076502613656673990e-01
7.973296056228008633e-01
9.845150378372607980e-01
5.866872559435328816e-01
9.948689080957360265e-01
9.995991162176736111e-01
6.624281223951873354e-01
9.950415508361117878e-01
6.646284765711920617e-01
9.720295686527797852e-01
7.538601825911909193e-01
9.347784907521282660e-01
2.994328050343254555e-01
8.479972290660547918e-01
9.763878834032273524e-01
4.860115081708770157e-01
9.474140304076220653e-01
9.493572330407693549e-01
9.513499500442252899e-01
9.978431683228221605e-01
9.984529127234225143e-01
9.757436552458771395e-01
8.565596162087826260e-01
7.105200057732510288e-01
9.930463144633639994e-01
8.791143732137396416e-01
9.713681365627844233e-01
8.175990147462207647e-01
7.790341949740273719e-01
9.990520641136152458e-01
9.256043656589302282e-01
9.910120982230592457e-01
9.890300126107300915e-01
9.969551646911276599e-01
6.334168175365497699e-01
8.277700062564291583e-01
7.731060575089608866e-01
2.583874995389580653e-01
7.267886960349125847e-01
9.521067345407340232e-01
8.753284834629210254e-01
6.132958530952280496e-01
8.680970872807352023e-01
9.537613204935502242e-01
6.291593710302403331e-01
5.962749898411331406e-01
9.975976864716147308e-01
9.201547553818744118e-01
9.943756870837104911e-01
9.471132862307130029e-01
9.995617437152695128e-01
7.863824821777517515e-01
9.797380453461504990e-01
9.607451745780160035e-01
9.797182777143285115e-01
8.810818937387856487e-01
9.447600211986391106e-01
6.017777019534285010e-01
9.328488481225198914e-01
2.644543954709986378e-01
9.452350647876488487e-01
7.766156154351038232e-01
3.362468900922773174e-01
9.928071299835640184e-01
7.975417097346866324e-01
8.741216154647034609e-01
9.460358235018354600e-01
9.020238708934148475e-01
9.480777579078575323e-01
9.940822700692825142e-01
9.574921513725899169e-01
