5.087517483329725282e-02
1.994524710862396744e-01
3.898441245445811998e-02
1.111025602075685001e-02
1.284098386923742882e-02
4.268215776289723158e-03
1.236208662911548279e-03
5.413193968933761521e-03
3.158800255421926034e-03
5.465065292464222485e-02
1.740679959421919179e-02
3.158281860360500921e-03
4.691228769274279065e-02
4.159611020764683031e-01
8.397687734255192271e-03
1.561771165583214016e-03
4.153691861721211381e-02
1.029833589104955889e-04
1.089726793018528945e-03
5.724194287302934031e-02
6.895730143127128287e-06
2.588949342004375279e-02
3.687587126399849012e-04
2.613434295884783237e-03
1.773811645677384526e-04
3.147847982284992380e-02
4.996724449812022179e-04
7.837694162640834045e-03
6.790286812825961464e-03
4.543988094233863961e-02
8.898665287119322071e-04
1.885839724994484851e-03
4.882559297765250855e-02
5.410533422633355101e-05
7.010127317162836904e-04
9.953057605311755110e-05
6.501135239403431007e-03
1.344189761147268625e-01
3.802045077880620346e-03
1.737385459313227701e-02
7.910649115255546926e-03
1.866416930300697507e-04
8.194582313867333550e-04
1.642809774175910467e-02
7.814589562793502597e-04
7.556682010389614412e-04
6.894730791959285954e-02
1.374560635916697920e-03
3.049187615990661985e-04
2.735198882685276750e-02
4.444721620345520874e-01
7.353732501168177248e-03
7.890949030560039492e-04
2.046519263615084183e-01
7.998245449091347103e-02
9.435818469783726140e-04
6.106564118992281395e-03
5.695494482197033768e-03
1.279116777230752261e-04
3.108324672862464080e-03
5.236124215303030274e-05
8.524261657245701214e-04
1.413429502680255394e-03
1.773655337643862198e-02
1.492186388071928326e-04
1.544292297457069141e-01
2.555838332674147942e-04
9.053084039113429163e-04
3.963608797150582931e-03
3.235681965699517982e-03
2.422233913241692103e-03
1.259638722890851596e-02
5.400471515034110416e-04
2.994379530276231396e-02
8.993001147451018529e-02
2.130332667864372664e-04
2.526273858082568212e-04
1.842966824834227206e-04
2.254640055535290372e-03
4.472761222059291192e-02
4.705672628669658186e-01
2.170513652023713796e-02
8.349742453092426646e-05
6.376123972074832337e-04
5.102614810751088389e-05
1.182990612080660111e-03
2.676182166147038702e-02
1.841135940969880393e-04
1.534870841148463843e-03
6.357135102710747328e-04
5.127565076283050610e-02
8.812191549782129318e-02
1.878249080753739383e-04
8.045716558355908233e-04
6.805200822131194371e-01
1.262880593587226152e-01
2.616455992010181960e-04
4.470745510793072697e-03
4.102835877855304822e-04
3.300599017396507046e-02
1.333061602568324415e-03
2.236068920530941834e-02
5.308012094645796902e-02
2.194586084187598405e-03
5.701076088985164957e-03
8.902620129720215233e-04
1.386155421553917884e-03
1.445751127632988382e-04
1.148994521320857720e-02
6.819447856670439847e-04
9.531256004151396344e-03
6.650700277439832451e-05
6.422263014247029875e-04
2.927500175965003833e-03
1.820858777605532835e-05
1.616717235865548601e-03
3.616561593885485315e-02
6.719585424504801637e-06
3.057121089390886070e-03
1.164629028800838045e-01
9.085933582505058054e-05
5.546246598580276826e-04
1.062263151874083978e-03
2.534930589949870722e-02
1.824105120057077645e-02
1.496162130858125910e-02
8.658498615709442348e-03
9.590694952627150383e-02
4.629192210368120674e-04
5.716650662725439834e-03
1.606226955013817254e-03
1.771524231960826864e-03
2.071463010739256483e-01
4.725507987742085490e-03
8.229078977861236559e-04
1.444525180822963870e-02
2.563116535085938172e-04
5.204749726761214411e-03
3.271922621617835410e-05
3.887160038989611200e-04
3.266314067635572686e-04
1.348245908747935234e-02
5.155136890482989696e-03
2.621209635938157381e-03
2.473740676893684538e-04
1.495373795960212165e-04
1.522898442858337201e-03
3.781969452617561962e-03
4.142990088552380747e-04
8.024234313445026759e-03
8.334914332660385908e-03
2.064595873678066242e-05
5.232302141923925176e-04
4.414988788241668477e-05
2.491813772425496287e-01
2.050555854008192375e-02
1.989892358523405458e-03
6.439169643537557816e-06
1.479213258188657142e-03
1.257106783988344969e-03
1.258635990238174407e-01
3.731395737805061601e-04
7.237611865413712015e-05
6.608408486197964345e-03
1.140234504758029163e-03
3.830414995756865615e-01
7.443258477989951778e-04
1.111414754536221502e-03
1.249667588554644278e-05
3.495441450507373767e-03
3.572915195594762467e-03
3.350596519677348419e-03
1.712455232853725418e-01
1.962114230044956220e-03
1.296715799324445195e-01
8.701304004343086984e-02
1.038685465396185781e-01
2.450830222858818228e-02
3.049890903139025958e-02
4.276261093739897740e-03
4.902770940090134949e-03
1.922885289234616338e-02
1.380443205603538830e-02
1.964420050746563343e-03
1.689260881520569801e-01
6.643816579063402134e-04
1.129408287527416575e-04
1.432505412759989445e-02
8.461595094605243051e-04
1.611464174654318520e-03
4.998633242503230381e-05
1.996328992510208473e-03
6.797397745169323109e-04
2.309363812458429459e-04
6.756401359026210918e-02
8.586849503170594677e-05
4.761419879292079710e-04
7.036490471400771995e-02
1.250729051847408180e-01
2.228235982800700829e-02
1.254357111420626239e-02
6.245685459154159958e-03
2.741460106954603411e-03
1.516241694990075155e-02
7.720186747698950039e-03
5.645738058790480962e-02
7.831657854973841926e-02
3.172440249353321307e-02
7.219036746260644281e-03
4.910202573236064315e-03
6.563193275564731992e-04
5.091640273214539432e-05
5.322200415306891329e-03
2.987128253972642922e-02
1.958751632220919608e-02
9.027806394075041027e-03
8.704889334064838669e-03
1.189418692708241708e-03
1.297429114788454683e-03
1.127269777224921138e-01
4.643302451148686311e-03
1.989027379291753803e-03
5.011807343140113613e-03
3.470507936257901998e-04
6.064411514644251627e-02
5.123865061265930193e-02
4.617981285972889288e-02
2.784804259175224350e-03
2.160051632937033585e-03
1.893912546350843456e-03
3.157399861868651070e-02
1.503730690415160109e-02
4.142840127420225477e-03
5.696655355438990861e-03
3.412304376639094250e-02
2.672654400423517696e-03
7.392792449496137820e-03
4.008112644114310286e-02
1.112856949481203471e-02
5.394606434317000121e-05
1.455441853681097193e-02
8.045524665471065484e-03
1.805685854367573449e-03
5.551665334625347295e-03
1.398680048802594666e-02
8.392798408434596347e-01
1.882227534570581062e-02
5.374235495872624335e-02
2.852445528445721537e-02
1.452831952348089019e-02
8.084465696590298345e-03
1.434809158654690442e-01
2.211633061827279311e-04
2.636277068942442597e-04
1.775889892186237546e-03
1.020272637379400146e-02
1.873945926770414702e-02
4.734777483443234139e-03
2.712157150266125152e-04
1.575813348790109565e-05
4.278323170787864428e-03
1.195508539906940497e-02
8.714495672688738804e-05
5.076344235880463074e-02
1.872308047054215344e-02
2.078887091130901619e-03
3.894360537690316564e-04
9.042459725210452715e-02
2.177412021390910321e-02
1.783186525428952056e-03
9.854283339977325945e-03
1.566295788234871571e-03
9.312482093261279089e-04
4.127256816442742560e-03
9.423532348244844509e-04
7.045668333155297343e-03
1.078846741659921990e-02
9.622234255168271577e-02
1.312925189894087194e-05
1.504418175031854189e-02
1.189808114771034875e-01
1.685859127406854827e-02
9.178969525011560632e-03
8.816424261981188268e-03
1.360051101380109831e-02
6.460714561701122243e-04
2.014017869858183984e-01
1.944973525584959076e-02
2.599893749599126169e-02
2.368850269470397854e-03
2.189710542052287264e-04
3.623920813616645395e-04
2.008900976270472372e-02
3.632767814864805694e-03
3.375136999354112766e-02
7.127594202458421781e-05
5.335678953601406815e-02
1.200259897450505012e-04
1.976166631132705680e-03
1.814031171561967344e-03
1.980147139244822080e-02
9.474615019786691850e-02
1.014599987658530407e-03
4.414933065101085338e-03
9.671601395349621469e-04
7.148565907305898389e-05
1.293720830198045145e-02
3.329512535084440047e-03
2.217836455956727609e-03
6.924991238671984652e-04
3.717889456524178793e-02
1.664472831904683769e-04
1.842066766255695195e-02
1.992885104534229332e-02
3.342375373464163101e-05
3.052634371372398795e-03
4.016177885565708899e-02
1.389672899783087664e-03
1.432388191122707546e-05
5.127110656285203093e-04
7.922247356000739621e-03
5.878710562394678452e-04
1.414947988768013587e-01
8.136996932221740846e-04
5.444684488128971253e-03
5.150700607785451551e-03
3.485360891796040073e-03
9.563425306529120193e-05
2.503680461128363673e-03
3.365034102806514077e-02
2.747133236999216820e-03
2.731100137253444481e-04
1.437848539277464602e-02
1.629383296181671564e-04
2.193551935696815697e-02
9.310626810428732081e-02
1.546731454756658031e-04
4.251267893796540720e-05
1.696009755892401438e-01
1.139978994607673546e-01
2.399110492219358134e-05
3.312662991684873289e-04
3.307087218188185795e-02
1.575436842702427741e-03
7.044418033618461694e-02
4.549753233536370234e-02
8.780615978824433954e-02
1.099024767715648665e-01
8.492044432840119284e-02
1.520850984702980246e-02
1.221959794875575138e-04
2.877411691465499299e-02
6.365678559844158005e-05
5.132229461802190543e-03
6.454656822736105637e-01
1.239430514331483525e-02
3.943869909500977711e-01
5.852971421380316272e-03
1.549264718930949171e-02
5.023277826141114492e-06
2.418264876012390333e-05
5.171365267161111973e-02
8.550831036360008186e-01
1.770760152060344705e-01
6.038795328954695962e-04
2.107659080472542158e-04
3.290954265472148727e-04
4.723939548330696736e-02
7.289805498932588890e-02
3.899585640377382641e-04
4.262605718748986583e-02
4.167653684633339933e-03
2.726828291550421057e-01
1.462860391298354312e-05
8.984718237771209233e-04
1.059476733288504196e-04
3.018438863236236336e-02
8.810276097264518186e-03
1.735903695427574046e-03
9.614534907336376446e-02
3.039248533175850989e-02
3.320330977233503238e-04
4.252124199542657579e-02
2.386240250667433834e-03
5.287113526093459998e-02
9.588605204071289911e-01
1.750545784650136584e-03
3.178978655906939386e-04
2.190958358744193035e-01
6.079037783600106382e-01
1.367531087378073482e-03
3.463674776056639335e-04
1.487494903572060545e-02
2.446969421671258901e-03
6.894414919861479489e-04
5.928331173080995942e-02
4.071419543107869174e-03
7.835221276308448196e-03
7.274350683423351505e-03
9.854316100355283228e-03
6.559257355117578681e-02
5.180818514913215073e-02
8.592825663809527752e-05
4.457386880665096867e-04
1.386264309915274441e-04
1.843703265643876002e-02
1.629346604868893086e-02
3.467716970365776041e-03
5.096938880013630185e-02
3.475988547378091459e-02
1.779955159245722026e-03
9.302180521685764203e-03
9.526384507337347374e-02
9.824443539701145731e-04
1.079035347271129928e-03
1.496449869371635835e-02
5.130820573563112108e-02
1.126103021850018799e-03
5.145817700803132985e-03
8.878678438954493721e-04
1.003072518213497973e-02
5.137553977164174878e-04
2.698210263790671963e-03
1.238222217516800013e-04
5.103113345321304587e-04
5.701111019095381986e-04
9.923217284347380512e-03
2.142635608572310106e-03
1.801742206912957311e-03
3.000612569701526233e-01
5.640745044561652488e-01
7.756703447180850718e-03
1.133934472672628315e-05
4.778096877046163898e-03
6.040028587547063323e-03
4.326386273422640205e-04
4.609282027077697859e-03
1.174628155022304082e-01
6.284119905431998160e-04
1.675657208232454731e-02
4.289792750992728679e-03
3.334311728536607650e-02
1.046972576871336660e-04
7.737769273366165886e-03
7.717071987762653615e-04
3.408635597134368565e-03
5.131163594630841745e-04
6.321350340635532254e-04
2.834026074583007645e-04
1.852776221101343213e-02
1.973112729462472500e-02
6.798159574856051102e-02
1.285283773393078484e-02
3.097506927449296486e-03
1.393485976659570354e-03
2.518068597011793516e-02
6.387091496447006023e-01
3.252069118745629095e-02
9.653717340195006741e-03
8.445440774291024331e-04
1.485483122829895676e-03
6.100768211436908249e-03
2.870548107557214981e-03
7.218497714114716947e-04
5.292440781269646451e-04
5.405546944239210914e-03
1.432295538853283162e-04
8.724247857722671612e-03
1.490425867737602689e-02
3.745856196049708250e-04
2.421266879381633180e-02
2.189288109675976285e-02
2.447788190269746251e-04
1.281686224483883339e-04
2.226640546150195164e-03
3.207847400897452517e-02
5.259187869426613406e-03
1.536904921522113873e-02
1.120391749069006787e-03
2.571323561051938123e-04
7.548924085781160646e-04
3.298609446958341088e-04
2.501851055133523863e-04
4.371759654893503377e-03
2.590753076721585280e-01
2.910366961729357778e-03
3.330715257561621487e-03
6.072753903144272741e-02
7.338454531987697498e-04
4.184653710014602787e-05
2.406393914772381459e-01
1.850542320705919619e-02
2.380779202815968415e-02
3.638995109779827319e-02
4.653681832995148018e-05
2.829796023134930911e-03
2.633236558189104917e-03
8.095284701470294511e-03
2.227682341318416581e-01
4.536184889958683669e-05
1.592722606057556545e-03
1.853226009647807732e-02
5.267040781452212578e-03
2.874830991147842767e-05
1.924217261981759622e-03
1.734285959196717566e-04
1.014043349069527859e-02
2.191051345953791939e-03
2.127085399912070213e-02
3.212378923806909203e-02
9.582193662111286592e-02
3.486840607245362267e-01
1.346435890775811613e-03
1.969330660874720196e-01
2.603731635374942083e-03
1.760421286991860259e-03
4.667135008380245381e-04
1.032253075873253492e-04
8.621596276147706905e-02
9.584334054525448193e-05
1.302484192140930704e-02
1.841449717061544727e-02
6.074487025601848708e-03
7.909257595081012338e-02
6.007029362357533403e-02
2.464849850055532443e-04
2.265027343224189360e-02
9.516912270108915362e-05
1.117094712971599973e-05
6.151507250745896337e-04
1.528324801849029625e-03
1.055713976265944178e-03
3.863569939486746394e-04
6.006266441591101568e-02
6.072081406296228872e-04
6.594821951825958761e-01
5.372965662539605372e-04
2.962074693029037240e-03
4.144575900412852195e-04
8.052437105787393782e-04
3.814657698708181317e-04
9.145554843271698486e-02
5.050356133971503798e-04
2.651656163376683341e-03
3.169184724964038691e-01
9.012541389825663284e-04
7.246716498584077288e-04
1.637858192639449553e-02
1.599039832000068162e-02
1.528430859615578482e-03
3.458880808444613397e-05
3.658062499789457335e-04
4.984642934443265887e-03
1.906736827659760356e-04
1.650854621673468340e-03
6.914430086942118274e-04
7.470567533952047947e-04
3.688716358062718343e-04
4.006833425965219920e-04
3.114584652785088348e-04
1.479282153433817955e-04
9.131404082782512699e-03
2.345020938015392187e-02
1.567121927866936321e-04
3.133197279793594747e-01
2.117045311060320942e-02
2.957331127778886539e-03
2.957164848552754077e-03
4.162226618060150467e-04
3.000091077376137311e-02
1.539575187896289298e-03
1.809582974779233577e-03
3.410046418544791292e-04
3.373336231718260247e-01
9.284797074111464377e-03
6.647677525378916860e-03
9.612588089067355306e-04
9.680236161024543913e-06
7.464736496300342430e-03
8.682850181698829146e-04
1.780393594217366841e-04
1.532276251423170428e-03
5.981889648387856887e-05
5.136500020068385242e-02
1.321094068208557596e-03
1.510029296863945047e-01
1.290252395370121430e-02
4.298976730974833627e-02
9.792544408026284883e-04
5.067732604594863029e-03
3.025674089068064454e-01
1.132258840535125578e-03
4.808530040940953848e-03
3.465507683724581844e-01
7.513669445298813178e-03
9.596049607158594556e-05
2.499242221025401584e-02
4.478682635321516205e-03
8.236361149139595841e-03
1.914866923417284442e-02
1.041869061919929382e-02
1.245062719865625619e-04
4.637119866971356236e-04
2.296441498259263470e-02
2.321051735156171025e-01
1.609193706135624707e-02
1.469502148550514472e-03
4.416442966648170820e-03
8.528963847477751036e-04
4.318878793046551233e-04
5.458412882660972770e-02
6.424740659793698461e-01
1.432239071371832354e-04
1.646537531575588723e-04
6.895790769277430985e-04
2.851913199212969662e-03
1.503204304915566926e-03
2.394664284096640271e-04
7.248270441731798075e-03
7.878896865613345402e-02
4.938256787483880084e-01
2.240165075949748731e-04
2.886382651402217767e-02
1.429343458233189260e-04
4.472109133389229503e-03
9.559722187576336072e-03
1.119405778701894338e-02
1.408446844852232448e-02
1.718571498659385854e-01
2.344712807190231800e-04
1.486800954260491733e-03
7.812193985500879949e-03
1.765950059838380937e-01
1.516392454748555739e-04
5.229559218934989873e-03
1.440700630807685796e-05
7.885684304463267107e-04
1.471305061170339202e-03
1.655600994531434113e-03
7.485876990077549925e-04
4.548490225256340141e-02
1.368370274067035219e-05
2.127241304171116273e-02
3.279754647326014582e-04
9.286995610576546933e-03
2.988644702785621626e-04
2.037183609314938484e-02
3.090762294219159129e-02
1.350416145710673643e-01
4.244175338378451982e-04
1.995686553746194580e-01
1.122722301326405103e-01
1.907014532598160783e-01
2.997729948184526746e-03
1.394707332230182839e-01
6.990356775614398749e-04
1.704714277781585463e-01
5.019124417589963284e-03
1.158071087990996317e-03
3.907216792059956777e-06
1.266556690757274575e-03
9.312408834680502984e-03
2.084299703405665272e-03
6.037045263728850475e-02
1.608170055312125798e-02
4.739213081603946623e-03
9.143077284929565507e-04
2.359052210166543914e-02
1.182917189090250225e-02
4.351413051534082366e-02
2.839025925811865941e-02
7.985945538758190340e-03
5.045852293903977520e-02
9.727166222272216672e-04
3.732830999095448541e-04
2.025274226785726242e-04
1.831575736389305306e-02
9.808713187136527956e-02
1.819992965296578571e-02
4.028580961253634685e-02
3.870682621706192372e-02
1.614367419606302953e-04
1.342423570930717123e-03
4.863776519477948715e-03
1.956850892377629547e-01
9.435862632218619192e-03
1.347821869787589888e-01
2.449601101778615952e-03
5.342128301844099869e-03
4.963754395646625614e-03
2.200280656704916085e-02
8.139994229838336953e-03
9.759694680112696377e-03
6.140566080485915929e-02
2.848366125190494869e-04
1.180785890827323881e-02
1.486392058463530466e-03
6.182686408528681649e-05
1.953327196536680846e-04
9.176056513538221639e-04
1.582725314917415057e-04
4.159180992216741229e-03
2.109037450416076029e-02
1.559782838316550735e-03
1.084259471099307398e-02
9.133996332156904541e-04
6.799102247376084471e-03
1.135217032375916615e-03
4.523138427003596529e-02
7.361521332004692178e-04
9.862344493977891480e-01
7.022387348761024561e-04
1.544205608859733564e-04
4.691554619118835424e-04
3.911390557225801791e-03
6.172456416606579843e-01
1.215075358079583919e-03
1.879313747749652291e-02
1.731897625239482361e-02
3.907389001374841214e-02
1.283724795960075257e-02
2.647490886615882361e-02
1.782723098570625914e-02
1.286573743688102303e-02
6.038617219254525589e-03
2.862497629732491718e-04
9.367673062019686234e-03
3.018775521729794367e-02
1.291824021129709364e-02
4.252992295538659010e-04
8.121302084406217424e-04
2.040393727807096862e-03
1.449692268957031035e-05
1.756142586627512008e-03
3.048724672873056804e-02
3.590231456729237915e-03
5.439449885583397693e-04
1.826166364367740047e-02
6.054136046561269663e-02
3.843695756932429680e-02
3.782985018440071512e-02
6.306429276267683107e-05
1.552473844658965561e-02
1.263507320159033701e-03
1.519172277721960763e-02
2.160682824493710425e-03
8.956088653994142765e-03
9.994541566110023978e-02
1.287978664827259387e-03
1.487847168608442570e-03
1.822089897128349517e-03
1.528616848427803709e-01
1.047447053491242132e-04
3.496811746484002493e-04
2.476241625135911992e-02
2.929088291564541438e-04
4.845657710929560102e-01
6.701691682373633885e-02
2.459199596797795317e-02
1.064313195743329206e-03
1.362006887813902063e-03
8.230152915888480636e-03
4.660450949512078000e-02
6.110355643599179362e-05
3.673733808108401583e-03
3.150024284156975260e-03
3.562576522575405281e-03
1.950443521989398592e-03
1.188247886957847707e-02
5.680673354500866135e-02
7.783678905548981064e-02
2.398110199478075202e-02
4.502636427330104080e-02
3.117150875982254327e-05
2.541905397240750613e-04
6.833276883223507459e-03
2.911609813407160102e-02
1.403662367550020766e-03
1.263882199629997455e-02
6.084396295632653502e-04
4.097286039236451333e-04
2.318763362807360270e-03
3.777791980433876234e-02
1.748928368484072536e-03
7.226185074613253496e-03
4.744310911421386126e-03
3.709808746028134870e-03
4.624738935232415094e-05
1.154178879380570316e-01
5.778187453364437304e-04
8.866800513712068746e-03
6.965916480497364935e-03
2.017363401096776074e-02
2.586401564172806020e-02
8.801361399144265463e-02
8.930609890696335207e-03
3.174863526711025697e-04
2.316693451741005244e-02
1.161978570744247492e-02
9.092374721173589018e-04
3.782734354981232559e-05
2.544701507423309875e-02
6.352267579080524834e-03
6.371425267350232235e-03
5.146642054915573274e-04
1.269734277146729567e-04
1.548310326949166038e-01
2.789877725846099115e-04
3.034082265363803520e-05
7.609538680159823375e-05
4.516799467267106245e-03
2.934007907861251388e-02
3.263963125020471340e-03
2.701983133003632020e-01
3.884148618990357349e-02
4.248334695832580235e-03
1.057348148378397948e-03
1.207898752238107526e-02
7.975302559703890959e-03
4.936177819922473592e-02
7.674494980655174707e-03
4.910867763333467799e-03
1.819667192768555375e-01
2.395803189972001840e-02
5.333374000235039113e-05
9.004597314186896587e-04
3.641713869181331599e-04
4.646264684559682371e-04
3.036649146494008536e-02
6.634150152465372143e-06
4.324057943472744991e-04
6.578454932087962441e-03
1.291477428942397129e-02
5.770989330467781731e-01
1.275048111038253171e-04
7.419553942701474347e-04
2.346031480268139543e-04
1.482809599412373631e-05
1.364792615086280261e-02
2.368985761610088378e-02
1.718621928431463474e-04
7.752654060815300507e-01
1.935269629429650748e-04
1.254361436039543129e-04
8.024393313881193063e-03
2.311470334508767405e-02
1.866707450917938407e-03
2.668178771276428010e-02
5.461981601957609234e-02
6.836724464057804089e-03
2.498250704889377265e-04
6.391628984919466190e-04
3.902702510240371844e-04
2.971653150643395816e-02
3.756477785384636269e-04
4.167290846638799576e-03
5.978077358241879781e-03
1.040642601912938475e-01
6.209272022462331009e-02
5.927840211164248606e-03
3.033821090816711530e-02
5.736373270583900244e-03
4.245676222342122455e-03
3.961136136136735649e-04
1.770131336853144808e-04
5.091625232945368954e-04
9.406285984946126388e-02
2.359468080228348252e-02
1.037186296019068470e-02
6.636535537147894570e-03
1.080372955188336863e-03
3.708851791592682190e-02
2.988538008058233119e-03
1.640564676898438948e-03
7.588572907452695911e-04
5.011294068647153865e-05
5.856143622604779650e-03
4.198041722485768462e-05
9.729529648912783315e-04
2.654496354248644854e-03
3.568559869528436894e-03
1.216537625287757857e-02
7.694018271601473034e-04
1.967677920050684706e-04
1.463360864632547338e-03
8.553292004108712168e-03
1.495221838442819529e-01
1.744338271615588319e-03
2.087819155424117459e-03
1.103438696525309748e-04
7.492453860770251130e-04
6.718835619150380367e-05
1.277342530026796428e-03
4.324557220435855040e-03
9.411396720870008475e-03
4.885376316878881769e-02
1.394477822261401823e-01
3.762700056643497951e-04
6.989067990386597885e-04
1.831934581132758227e-02
9.096884278150304398e-03
2.235072481108638879e-03
1.993907519501995082e-04
5.828961275953699903e-04
7.976375858351011537e-04
1.418614364776981740e-03
1.394952507646218549e-03
1.311597996776569727e-02
2.299471972546890675e-01
8.047709397865208947e-02
1.754324381406104430e-02
5.493078013503748663e-03
1.738659737929854066e-02
6.636796249320042058e-06
3.009480852561180128e-02
5.309404972165980841e-01
3.059157833209043553e-01
2.283317232196711496e-02
1.236747393066242161e-04
6.942529241434247829e-04
4.659370072340617355e-03
6.318896435493774784e-04
1.143333278317708356e-04
2.325437316887155048e-02
5.479104038320946942e-04
2.146102919444538727e-03
4.511415011536432790e-03
7.509934562101497737e-04
4.887599023705081584e-03
1.571377921871332576e-04
1.400198762054612363e-02
5.068063450854264768e-03
9.600762475469093232e-04
1.000159967453775334e-01
4.553410779830234234e-01
1.794663833015811005e-02
1.469609481918672913e-03
6.031375695419748106e-03
8.982106229791372788e-05
8.743524330925955823e-02
6.344210092090925030e-04
2.431937450821503727e-02
1.356769594893290076e-01
2.395006711691454460e-01
1.176596819907413036e-03
1.999462346721803119e-01
1.880272227256332999e-03
2.258928297808956856e-04
4.543191662619038007e-03
1.135042577860911688e-04
9.416384356649991350e-02
1.816362731982910098e-05
1.001595187332160778e-04
1.292165107227169431e-04
2.224186806526323712e-04
7.613532920778834584e-04
1.449237899178310550e-02
6.322446176251880073e-03
2.134170588042615460e-02
5.907139321242218209e-03
2.984276524391439311e-01
1.091198562046178690e-02
1.481768829814942624e-04
2.371183649406469315e-04
4.884745003273944369e-02
7.608325904965650523e-05
4.341578005297486859e-03
5.791780516554984179e-04
2.912897717591033699e-04
2.790636270741198716e-02
2.487543698422544887e-04
3.585547925242490302e-02
4.950541069910877751e-02
4.013625739740783217e-03
5.193933880535074512e-04
2.033098584918038854e-02
3.748760070616107692e-02
4.803886988530884153e-03
2.907815305763902444e-02
6.183984312769492606e-03
4.854219362197329641e-04
1.397387359166277817e-03
3.256055667580332698e-04
1.137054193747377186e-02
1.387133996857696306e-05
3.877478855804056702e-03
9.043824704155312513e-05
7.870726340131989178e-04
3.967841864085083214e-01
1.249607180447184079e-02
2.624732691317276708e-03
1.717741250128562670e-04
1.416723549842236569e-03
8.635206448727218015e-03
1.139112160586796532e-03
3.412351492545587749e-03
9.368302197402825215e-03
1.397573310804013592e-04
1.364274400324520103e-02
2.879638326878510013e-02
9.553513891882600140e-01
5.241641628677295994e-01
8.903437281032081652e-01
8.352938621963439392e-01
8.670627731152479312e-01
6.053471546619201143e-02
3.099721269952889768e-01
3.483503922055259938e-01
9.565289201655400309e-01
3.886937981113174762e-02
6.553770880334721660e-01
5.978145397929327531e-01
4.466616321908328108e-02
9.651100396967798867e-01
8.467524648980946367e-01
2.746552339097960149e-02
8.246532009323670476e-01
6.705948105901095024e-01
7.586930581882641578e-01
6.246406126108847712e-01
3.262485408825785416e-01
9.872501663023780516e-01
8.927583419962685785e-01
9.097702328536404204e-02
7.861836123903619411e-01
6.603974518332766941e-01
4.868812749077991442e-01
6.446967982656769403e-01
8.842635328937571426e-01
4.171518205844362281e-01
2.085281565410193327e-01
7.987287946763448332e-01
1.195784740766673848e-01
9.250358528859756735e-01
9.924921845631656803e-01
1.562534374063317133e-01
9.306281549574284551e-01
1.383057433692972404e-01
7.604577326377608415e-01
2.423774818582465351e-01
5.525705859549542298e-01
4.224898419522259141e-02
3.271376047559798050e-01
7.969214486873124059e-01
9.105391407470542209e-02
5.517317331551465642e-01
6.494288395855880580e-01
6.118769098622939273e-01
9.673833288028774735e-01
9.771868054572145912e-01
7.636929690037888019e-01
3.476321724778033695e-01
1.848268635056579678e-01
9.219028978572704203e-01
4.190410399697564459e-01
7.598672645009042492e-01
2.453267950508306872e-01
2.005742420202944187e-01
9.871559299904584250e-01
5.075895488705819414e-01
8.760994551407472741e-01
8.510953049219855959e-01
9.557749983383553305e-01
1.379570975732996863e-01
2.683847273919607868e-01
2.243267780963762170e-01
3.054666246933923635e-02
1.951363436700609411e-01
5.833706941952758740e-01
3.605997614005643781e-01
1.255448089447782356e-01
3.472123671400881850e-01
6.514824994910503042e-01
1.206112411265050505e-01
1.338535857018356978e-01
9.620744753546157657e-01
4.976443703026762755e-01
9.217651637270052323e-01
6.009725145761098952e-01
9.935303020819727937e-01
2.789203679112666201e-01
7.774041953076904488e-01
6.747686845660567645e-01
7.521224846271912234e-01
3.907375710230625021e-01
5.632074492215932704e-01
1.204665954429484376e-01
5.439036102961715136e-01
3.250535147487276788e-02
5.582401507656413742e-01
2.916538877671882579e-01
4.785827865558153760e-02
9.084740010899498008e-01
2.792993197295144392e-01
3.323055118618392645e-01
6.144427781687724632e-01
4.315901615632967703e-01
5.333463670945610691e-01
9.292931991435816608e-01
6.645593074893600960e-01
